272.000000  256.000000  2
272.000000  256.000000  2
280.000000  256.000000  2
229.000000  256.000000  29
229.000000  256.000000  29
230.000000  256.000000  29
238.000000  256.000000  54
238.000000  256.000000  54
238.000000  256.000000  54
230.000000  256.000000  73
238.000000  256.000000  73
238.000000  256.000000  73
229.000000  256.000000  92
238.000000  256.000000  92
238.000000  256.000000  92
263.000000  768.000000  2
272.000000  768.000000  2
272.000000  768.000000  2
238.000000  768.000000  29
246.000000  768.000000  29
246.000000  768.000000  29
246.000000  768.000000  54
246.000000  768.000000  54
246.000000  768.000000  54
238.000000  768.000000  73
246.000000  768.000000  73
246.000000  768.000000  73
246.000000  768.000000  92
247.000000  768.000000  92
247.000000  768.000000  92
238.000000  49152.000000  2
246.000000  49152.000000  2
247.000000  49152.000000  2
178.000000  49152.000000  29
178.000000  49152.000000  29
178.000000  49152.000000  29
178.000000  49152.000000  54
179.000000  49152.000000  54
179.000000  49152.000000  54
178.000000  49152.000000  73
178.000000  49152.000000  73
179.000000  49152.000000  73
170.000000  49152.000000  92
170.000000  49152.000000  92
170.000000  49152.000000  92
221.000000  73728.000000  2
229.000000  73728.000000  2
229.000000  73728.000000  2
170.000000  73728.000000  29
170.000000  73728.000000  29
178.000000  73728.000000  29
170.000000  73728.000000  54
170.000000  73728.000000  54
170.000000  73728.000000  54
170.000000  73728.000000  73
179.000000  73728.000000  73
179.000000  73728.000000  73
162.000000  73728.000000  92
162.000000  73728.000000  92
170.000000  73728.000000  92
238.000000  196608.000000  2
238.000000  196608.000000  2
246.000000  196608.000000  2
170.000000  196608.000000  29
170.000000  196608.000000  29
170.000000  196608.000000  29
170.000000  196608.000000  54
170.000000  196608.000000  54
170.000000  196608.000000  54
170.000000  196608.000000  73
170.000000  196608.000000  73
170.000000  196608.000000  73
170.000000  196608.000000  92
170.000000  196608.000000  92
170.000000  196608.000000  92
280.000000  393216.000000  2
289.000000  393216.000000  2
297.000000  393216.000000  2
161.000000  393216.000000  29
161.000000  393216.000000  29
161.000000  393216.000000  29
170.000000  393216.000000  54
170.000000  393216.000000  54
170.000000  393216.000000  54
170.000000  393216.000000  73
170.000000  393216.000000  73
170.000000  393216.000000  73
162.000000  393216.000000  92
162.000000  393216.000000  92
162.000000  393216.000000  92
314.000000  786432.000000  2
314.000000  786432.000000  2
314.000000  786432.000000  2
170.000000  786432.000000  29
170.000000  786432.000000  29
170.000000  786432.000000  29
162.000000  786432.000000  54
162.000000  786432.000000  54
162.000000  786432.000000  54
162.000000  786432.000000  73
162.000000  786432.000000  73
162.000000  786432.000000  73
170.000000  786432.000000  92
170.000000  786432.000000  92
170.000000  786432.000000  92
