17.589068  256.000000  1
17.568570  256.000000  1
17.535383  256.000000  1
17.547584  256.000000  1
17.514397  256.000000  1
17.514397  256.000000  1
17.472914  256.000000  1
17.514397  256.000000  1
17.518302  256.000000  1
17.514397  256.000000  1
18.890625  256.000000  29
21.050781  256.000000  29
17.101562  256.000000  29
17.000000  256.000000  29
17.035156  256.000000  29
17.000000  256.000000  29
17.066406  256.000000  29
17.000000  256.000000  29
17.066406  256.000000  29
17.000000  256.000000  29
19.656250  256.000000  53
20.984375  256.000000  53
18.957031  256.000000  53
18.792969  256.000000  53
18.792969  256.000000  53
18.757812  256.000000  53
18.660156  256.000000  53
18.726562  256.000000  53
18.824219  256.000000  53
18.757812  256.000000  53
19.222656  256.000000  77
21.218750  256.000000  77
16.832031  256.000000  77
16.503906  256.000000  77
16.570312  256.000000  77
16.503906  256.000000  77
16.468750  256.000000  77
16.601562  256.000000  77
16.632812  256.000000  77
16.699219  256.000000  77
19.589844  256.000000  95
20.984375  256.000000  95
17.632812  256.000000  95
17.464844  256.000000  95
17.597656  256.000000  95
17.566406  256.000000  95
17.500000  256.000000  95
17.496094  256.000000  95
17.500000  256.000000  95
17.496094  256.000000  95
17.468999  768.000000  1
17.481367  768.000000  1
17.446867  768.000000  1
17.482832  768.000000  1
17.413507  768.000000  1
17.466233  768.000000  1
17.459235  768.000000  1
17.464768  768.000000  1
17.444101  768.000000  1
17.419203  768.000000  1
20.485677  768.000000  29
20.187500  768.000000  29
20.076823  768.000000  29
20.519531  768.000000  29
20.175781  768.000000  29
20.087240  768.000000  29
20.087240  768.000000  29
19.977865  768.000000  29
20.131510  768.000000  29
20.066406  768.000000  29
20.596354  768.000000  53
20.420573  768.000000  53
20.066406  768.000000  53
20.066406  768.000000  53
19.998698  768.000000  53
20.042969  768.000000  53
20.022135  768.000000  53
20.187500  768.000000  53
19.954427  768.000000  53
20.121094  768.000000  53
21.061198  768.000000  77
20.575521  768.000000  77
20.242188  768.000000  77
20.298177  768.000000  77
20.330729  768.000000  77
20.243490  768.000000  77
20.199219  768.000000  77
20.243490  768.000000  77
20.121094  768.000000  77
20.364583  768.000000  77
21.239583  768.000000  95
20.841146  768.000000  95
20.330729  768.000000  95
20.519531  768.000000  95
20.519531  768.000000  95
20.696615  768.000000  95
20.763021  768.000000  95
20.752604  768.000000  95
22.634115  768.000000  95
20.917969  768.000000  95
32.827151  49152.000000  1
24.271921  49152.000000  1
24.312820  49152.000000  1
23.925471  49152.000000  1
23.559223  49152.000000  1
23.632112  49152.000000  1
23.459265  49152.000000  1
23.525781  49152.000000  1
23.399777  49152.000000  1
23.336310  49152.000000  1
113.079468  49152.000000  29
66.030823  49152.000000  29
55.267456  49152.000000  29
56.247477  49152.000000  29
53.601074  49152.000000  29
52.701843  49152.000000  29
52.193929  49152.000000  29
51.796875  49152.000000  29
51.910665  49152.000000  29
51.634847  49152.000000  29
128.193461  49152.000000  53
68.773865  49152.000000  53
58.511861  49152.000000  53
54.263245  49152.000000  53
53.212667  49152.000000  53
52.578695  49152.000000  53
54.329305  49152.000000  53
52.111450  49152.000000  53
51.775777  49152.000000  53
51.488525  49152.000000  53
128.219930  49152.000000  77
72.328857  49152.000000  77
61.357483  49152.000000  77
58.350688  49152.000000  77
57.411133  49152.000000  77
57.711690  49152.000000  77
56.790141  49152.000000  77
56.404846  49152.000000  77
56.193176  49152.000000  77
58.076579  49152.000000  77
130.221802  49152.000000  95
73.369222  49152.000000  95
62.598612  49152.000000  95
58.200399  49152.000000  95
56.770264  49152.000000  95
55.962992  49152.000000  95
56.234172  49152.000000  95
55.477051  49152.000000  95
55.041097  49152.000000  95
54.543742  49152.000000  95
30.199213  73728.000000  1
23.995472  73728.000000  1
23.840582  73728.000000  1
23.593576  73728.000000  1
23.486544  73728.000000  1
23.299418  73728.000000  1
23.267800  73728.000000  1
23.305947  73728.000000  1
23.098427  73728.000000  1
23.117479  73728.000000  1
114.016995  73728.000000  29
73.140720  73728.000000  29
71.876234  73728.000000  29
70.385891  73728.000000  29
70.255398  73728.000000  29
69.681139  73728.000000  29
69.288696  73728.000000  29
70.475016  73728.000000  29
69.114027  73728.000000  29
69.698541  73728.000000  29
116.786567  73728.000000  53
76.265964  73728.000000  53
74.250719  73728.000000  53
74.109375  73728.000000  53
73.006632  73728.000000  53
74.481418  73728.000000  53
72.624457  73728.000000  53
72.822876  73728.000000  53
71.803725  73728.000000  53
72.420275  73728.000000  53
117.929660  73728.000000  77
76.384589  73728.000000  77
75.485460  73728.000000  77
73.559218  73728.000000  77
73.471137  73728.000000  77
72.723714  73728.000000  77
73.082045  73728.000000  77
72.503974  73728.000000  77
73.392402  73728.000000  77
72.183255  73728.000000  77
119.168552  73728.000000  95
79.681044  73728.000000  95
79.242486  73728.000000  95
78.588447  73728.000000  95
78.644138  73728.000000  95
78.185981  73728.000000  95
79.144491  73728.000000  95
77.850369  73728.000000  95
78.136407  73728.000000  95
77.319119  73728.000000  95
26.079012  196608.000000  1
23.466791  196608.000000  1
23.296322  196608.000000  1
23.279845  196608.000000  1
23.208056  196608.000000  1
23.187277  196608.000000  1
23.138856  196608.000000  1
23.128183  196608.000000  1
23.127183  196608.000000  1
23.069467  196608.000000  1
93.051112  196608.000000  29
74.686539  196608.000000  29
74.446035  196608.000000  29
74.429260  196608.000000  29
73.854040  196608.000000  29
73.987244  196608.000000  29
73.619629  196608.000000  29
73.501083  196608.000000  29
73.797012  196608.000000  29
73.288940  196608.000000  29
94.719955  196608.000000  53
75.927592  196608.000000  53
75.609482  196608.000000  53
76.258458  196608.000000  53
75.743678  196608.000000  53
75.851456  196608.000000  53
75.594137  196608.000000  53
75.772858  196608.000000  53
75.485962  196608.000000  53
75.456177  196608.000000  53
96.311762  196608.000000  77
77.669805  196608.000000  77
77.283864  196608.000000  77
77.278585  196608.000000  77
77.022690  196608.000000  77
76.613052  196608.000000  77
76.952352  196608.000000  77
76.548640  196608.000000  77
76.716034  196608.000000  77
76.507482  196608.000000  77
97.896128  196608.000000  95
79.137360  196608.000000  95
79.232905  196608.000000  95
79.023783  196608.000000  95
78.943888  196608.000000  95
78.862178  196608.000000  95
79.179469  196608.000000  95
78.650899  196608.000000  95
78.717519  196608.000000  95
79.027156  196608.000000  95
24.465337  393216.000000  1
23.213568  393216.000000  1
23.124948  393216.000000  1
23.003163  393216.000000  1
22.917501  393216.000000  1
22.815938  393216.000000  1
22.761313  393216.000000  1
22.727607  393216.000000  1
22.782516  393216.000000  1
22.757933  393216.000000  1
83.417038  393216.000000  29
73.697166  393216.000000  29
73.557220  393216.000000  29
73.512540  393216.000000  29
73.151695  393216.000000  29
73.198667  393216.000000  29
73.097674  393216.000000  29
72.672757  393216.000000  29
72.760628  393216.000000  29
72.562988  393216.000000  29
84.806335  393216.000000  53
75.320056  393216.000000  53
75.090706  393216.000000  53
75.268631  393216.000000  53
75.124514  393216.000000  53
75.174728  393216.000000  53
74.946198  393216.000000  53
74.962260  393216.000000  53
75.052747  393216.000000  53
74.806880  393216.000000  53
86.809982  393216.000000  77
76.969902  393216.000000  77
76.694766  393216.000000  77
76.738345  393216.000000  77
76.461716  393216.000000  77
76.174431  393216.000000  77
76.046051  393216.000000  77
76.116369  393216.000000  77
75.762182  393216.000000  77
75.968643  393216.000000  77
88.688616  393216.000000  95
79.335302  393216.000000  95
79.241506  393216.000000  95
79.097432  393216.000000  95
78.958308  393216.000000  95
79.290382  393216.000000  95
78.625628  393216.000000  95
78.551481  393216.000000  95
78.222305  393216.000000  95
78.348719  393216.000000  95
23.720788  786432.000000  1
23.007400  786432.000000  1
22.725570  786432.000000  1
22.661535  786432.000000  1
22.614847  786432.000000  1
22.479209  786432.000000  1
22.424080  786432.000000  1
22.383333  786432.000000  1
22.368234  786432.000000  1
22.354048  786432.000000  1
77.445511  786432.000000  29
72.133172  786432.000000  29
71.761205  786432.000000  29
71.630998  786432.000000  29
71.826314  786432.000000  29
71.125893  786432.000000  29
70.984412  786432.000000  29
71.052343  786432.000000  29
70.852983  786432.000000  29
70.958926  786432.000000  29
79.882450  786432.000000  53
74.899170  786432.000000  53
74.467325  786432.000000  53
74.318007  786432.000000  53
74.318170  786432.000000  53
74.232244  786432.000000  53
74.026432  786432.000000  53
74.044254  786432.000000  53
74.036559  786432.000000  53
73.966014  786432.000000  53
81.321911  786432.000000  77
75.861445  786432.000000  77
75.615264  786432.000000  77
75.486743  786432.000000  77
75.379253  786432.000000  77
75.412490  786432.000000  77
75.454837  786432.000000  77
75.228770  786432.000000  77
75.062204  786432.000000  77
75.052280  786432.000000  77
84.553780  786432.000000  95
79.685240  786432.000000  95
79.491968  786432.000000  95
79.274947  786432.000000  95
79.299881  786432.000000  95
79.249082  786432.000000  95
79.251741  786432.000000  95
79.216203  786432.000000  95
78.967753  786432.000000  95
78.965505  786432.000000  95
