18.513909  256.000000  1
18.485115  256.000000  1
18.203026  256.000000  1
18.273304  256.000000  1
18.123963  256.000000  1
18.211323  256.000000  1
18.194729  256.000000  1
18.261103  256.000000  1
18.269400  256.000000  1
18.178136  256.000000  1
19.488281  256.000000  29
21.152344  256.000000  29
17.796875  256.000000  29
17.796875  256.000000  29
17.863281  256.000000  29
17.566406  256.000000  29
17.664062  256.000000  29
17.597656  256.000000  29
17.664062  256.000000  29
17.597656  256.000000  29
19.421875  256.000000  53
21.214844  256.000000  53
19.027344  256.000000  53
19.191406  256.000000  53
19.093750  256.000000  53
19.160156  256.000000  53
18.824219  256.000000  53
18.890625  256.000000  53
18.890625  256.000000  53
19.058594  256.000000  53
19.621094  256.000000  77
21.183594  256.000000  77
16.867188  256.000000  77
16.867188  256.000000  77
16.832031  256.000000  77
16.867188  256.000000  77
16.769531  256.000000  77
16.734375  256.000000  77
16.734375  256.000000  77
16.734375  256.000000  77
19.625000  256.000000  95
21.382812  256.000000  95
17.628906  256.000000  95
17.699219  256.000000  95
17.664062  256.000000  95
17.863281  256.000000  95
17.531250  256.000000  95
17.828125  256.000000  95
17.832031  256.000000  95
17.796875  256.000000  95
13.907079  768.000000  1
13.879414  768.000000  1
13.818552  768.000000  1
13.875183  768.000000  1
13.836615  768.000000  1
13.821318  768.000000  1
13.821318  768.000000  1
13.836452  768.000000  1
13.801953  768.000000  1
13.810252  768.000000  1
21.217448  768.000000  29
20.773438  768.000000  29
20.674479  768.000000  29
20.552083  768.000000  29
20.441406  768.000000  29
20.442708  768.000000  29
20.585938  768.000000  29
20.630208  768.000000  29
20.674479  768.000000  29
20.575521  768.000000  29
21.151042  768.000000  53
20.928385  768.000000  53
20.519531  768.000000  53
20.597656  768.000000  53
20.630208  768.000000  53
20.464844  768.000000  53
20.630208  768.000000  53
20.740885  768.000000  53
20.608073  768.000000  53
20.519531  768.000000  53
21.095052  768.000000  77
21.171875  768.000000  77
20.575521  768.000000  77
20.563802  768.000000  77
20.630208  768.000000  77
20.441406  768.000000  77
20.664062  768.000000  77
20.541667  768.000000  77
20.519531  768.000000  77
20.453125  768.000000  77
21.272135  768.000000  95
21.127604  768.000000  95
20.553385  768.000000  95
20.729167  768.000000  95
20.485677  768.000000  95
20.684896  768.000000  95
20.763021  768.000000  95
20.763021  768.000000  95
20.707031  768.000000  95
20.774740  768.000000  95
63.206591  49152.000000  1
54.229797  49152.000000  1
53.867696  49152.000000  1
53.859352  49152.000000  1
54.253229  49152.000000  1
60.571578  49152.000000  1
63.018572  49152.000000  1
64.291180  49152.000000  1
63.960037  49152.000000  1
54.550887  49152.000000  1
117.063843  49152.000000  29
89.577698  49152.000000  29
79.624898  49152.000000  29
77.165975  49152.000000  29
77.377116  49152.000000  29
76.613098  49152.000000  29
76.289368  49152.000000  29
80.260071  49152.000000  29
77.388367  49152.000000  29
76.609639  49152.000000  29
131.084371  49152.000000  53
92.981364  49152.000000  53
81.666890  49152.000000  53
78.972412  49152.000000  53
77.064290  49152.000000  53
76.010254  49152.000000  53
77.021220  49152.000000  53
75.859619  49152.000000  53
74.821350  49152.000000  53
74.961589  49152.000000  53
148.218058  49152.000000  77
92.793050  49152.000000  77
87.657471  49152.000000  77
78.713359  49152.000000  77
78.412984  49152.000000  77
76.170390  49152.000000  77
74.600688  49152.000000  77
74.807515  49152.000000  77
73.972758  49152.000000  77
73.260803  49152.000000  77
136.909465  49152.000000  95
93.001424  49152.000000  95
85.058451  49152.000000  95
80.804301  49152.000000  95
78.418335  49152.000000  95
77.739400  49152.000000  95
76.573161  49152.000000  95
75.871033  49152.000000  95
75.908732  49152.000000  95
74.875285  49152.000000  95
75.039093  73728.000000  1
69.878884  73728.000000  1
69.943129  73728.000000  1
69.743926  73728.000000  1
69.821571  73728.000000  1
69.755468  73728.000000  1
69.657719  73728.000000  1
69.736705  73728.000000  1
69.866938  73728.000000  1
69.702910  73728.000000  1
126.471856  73728.000000  29
97.989909  73728.000000  29
97.485528  73728.000000  29
96.765435  73728.000000  29
97.968926  73728.000000  29
97.324124  73728.000000  29
96.752875  73728.000000  29
97.449097  73728.000000  29
97.711955  73728.000000  29
96.749525  73728.000000  29
130.291599  73728.000000  53
99.032471  73728.000000  53
98.195828  73728.000000  53
97.621568  73728.000000  53
98.658474  73728.000000  53
98.126533  73728.000000  53
97.523112  73728.000000  53
98.026693  73728.000000  53
98.696750  73728.000000  53
97.536133  73728.000000  53
131.182888  73728.000000  77
99.455349  73728.000000  77
98.025540  73728.000000  77
99.115479  73728.000000  77
98.531196  73728.000000  77
97.768799  73728.000000  77
98.372206  73728.000000  77
98.988783  73728.000000  77
98.122843  73728.000000  77
98.690986  73728.000000  77
131.755764  73728.000000  95
98.991659  73728.000000  95
99.597616  73728.000000  95
98.702637  73728.000000  95
98.080187  73728.000000  95
98.520942  73728.000000  95
99.498467  73728.000000  95
98.590101  73728.000000  95
98.673109  73728.000000  95
98.073039  73728.000000  95
92.104054  196608.000000  1
90.318717  196608.000000  1
90.304060  196608.000000  1
90.283811  196608.000000  1
90.257223  196608.000000  1
90.324872  196608.000000  1
90.250933  196608.000000  1
90.424432  196608.000000  1
90.387895  196608.000000  1
90.370472  196608.000000  1
114.518356  196608.000000  29
98.693654  196608.000000  29
99.262039  196608.000000  29
99.113103  196608.000000  29
98.822576  196608.000000  29
98.827245  196608.000000  29
98.768616  196608.000000  29
99.004934  196608.000000  29
98.588511  196608.000000  29
99.007868  196608.000000  29
114.956741  196608.000000  53
99.157715  196608.000000  53
99.376867  196608.000000  53
99.371114  196608.000000  53
99.628916  196608.000000  53
98.986684  196608.000000  53
99.568954  196608.000000  53
99.441544  196608.000000  53
99.143926  196608.000000  53
99.524333  196608.000000  53
115.887899  196608.000000  77
99.753601  196608.000000  77
99.676819  196608.000000  77
99.597570  196608.000000  77
99.855459  196608.000000  77
99.433197  196608.000000  77
99.771154  196608.000000  77
99.725281  196608.000000  77
99.533590  196608.000000  77
99.586202  196608.000000  77
116.592987  196608.000000  95
100.071147  196608.000000  95
100.376678  196608.000000  95
100.198690  196608.000000  95
100.120219  196608.000000  95
100.102361  196608.000000  95
100.045298  196608.000000  95
100.125753  196608.000000  95
99.732117  196608.000000  95
100.121735  196608.000000  95
96.155263  393216.000000  1
95.225211  393216.000000  1
95.170907  393216.000000  1
108.355435  393216.000000  1
97.909707  393216.000000  1
99.130074  393216.000000  1
95.136167  393216.000000  1
95.119692  393216.000000  1
95.186795  393216.000000  1
95.131511  393216.000000  1
106.650836  393216.000000  29
99.496689  393216.000000  29
99.380369  393216.000000  29
99.530301  393216.000000  29
99.385340  393216.000000  29
99.393316  393216.000000  29
99.313466  393216.000000  29
99.358320  393216.000000  29
99.280457  393216.000000  29
99.339470  393216.000000  29
112.845553  393216.000000  53
104.964244  393216.000000  53
104.517838  393216.000000  53
104.643865  393216.000000  53
104.596914  393216.000000  53
104.510834  393216.000000  53
104.618896  393216.000000  53
104.555148  393216.000000  53
104.461332  393216.000000  53
104.494840  393216.000000  53
115.747304  393216.000000  77
110.158999  393216.000000  77
107.741330  393216.000000  77
104.351153  393216.000000  77
104.129972  393216.000000  77
103.975154  393216.000000  77
103.869644  393216.000000  77
104.897924  393216.000000  77
103.809980  393216.000000  77
103.896276  393216.000000  77
118.908020  393216.000000  95
111.977496  393216.000000  95
111.492549  393216.000000  95
111.331375  393216.000000  95
111.522748  393216.000000  95
111.466675  393216.000000  95
111.487188  393216.000000  95
111.556211  393216.000000  95
111.534378  393216.000000  95
111.459259  393216.000000  95
97.957682  786432.000000  1
97.506849  786432.000000  1
97.519137  786432.000000  1
97.475130  786432.000000  1
97.555348  786432.000000  1
97.497051  786432.000000  1
97.471346  786432.000000  1
97.484156  786432.000000  1
97.516661  786432.000000  1
97.470637  786432.000000  1
104.747851  786432.000000  29
100.723420  786432.000000  29
100.892354  786432.000000  29
100.814566  786432.000000  29
101.355695  786432.000000  29
100.706245  786432.000000  29
100.712471  786432.000000  29
101.165253  786432.000000  29
103.436717  786432.000000  29
101.052565  786432.000000  29
113.945213  786432.000000  53
109.947556  786432.000000  53
109.824113  786432.000000  53
109.763652  786432.000000  53
109.837700  786432.000000  53
109.720776  786432.000000  53
110.435215  786432.000000  53
109.983622  786432.000000  53
110.409114  786432.000000  53
109.833117  786432.000000  53
132.333920  786432.000000  77
128.694124  786432.000000  77
128.636472  786432.000000  77
128.860485  786432.000000  77
128.602620  786432.000000  77
128.535685  786432.000000  77
128.616725  786432.000000  77
128.643822  786432.000000  77
128.585382  786432.000000  77
128.920277  786432.000000  77
144.061994  786432.000000  95
140.750425  786432.000000  95
140.338542  786432.000000  95
140.344886  786432.000000  95
140.445630  786432.000000  95
140.220342  786432.000000  95
140.257641  786432.000000  95
140.379473  786432.000000  95
140.253567  786432.000000  95
142.182062  786432.000000  95
